%YAML:1.0
keypoints: [ 109., 127., 31., 2.2499044799804688e+02,
    5.8462335728108883e-03, 0, -1, 264., 127., 31.,
    3.1500955200195313e+02, 5.8462335728108883e-03, 0, -1, 267., 167.,
    31., 3.1500955200195313e+02, 5.8462335728108883e-03, 0, -1, 386.,
    170., 31., 3.1500955200195313e+02, 5.8462335728108883e-03, 0, -1,
    109., 268., 31., 1.3500955200195313e+02, 5.8462335728108883e-03, 0,
    -1, 167., 271., 31., 1.3500955200195313e+02, 5.8462335728108883e-03,
    0, -1, 170., 374., 31., 1.3500955200195313e+02,
    5.8462335728108883e-03, 0, -1, 386., 374., 31.,
    4.4990455627441406e+01, 5.8462335728108883e-03, 0, -1,
    1.0920000457763672e+02, 1.2720000457763672e+02,
    3.7200000762939453e+01, 2.2504142761230469e+02,
    6.8720136769115925e-03, 1, -1, 1.6680000305175781e+02,
    2.7120001220703125e+02, 3.7200000762939453e+01,
    1.3468353271484375e+02, 6.7833275534212589e-03, 1, -1,
    1.0944000244140625e+02, 2.6783999633789063e+02,
    4.4640003204345703e+01, 1.3439131164550781e+02,
    7.4054072611033916e-03, 2, -1, 3.8592001342773438e+02,
    3.7440002441406250e+02, 4.4640003204345703e+01,
    4.5816764831542969e+01, 6.7486930638551712e-03, 2, -1,
    1.6934400939941406e+02, 3.7324804687500000e+02,
    5.3568004608154297e+01, 1.3530435180664063e+02,
    6.7047146148979664e-03, 3, -1, 2.6749444580078125e+02,
    1.6588803100585938e+02, 6.4281608581542969e+01,
    3.1474359130859375e+02, 7.8827859833836555e-03, 4, -1,
    1.0948610687255859e+02, 2.6625030517578125e+02,
    7.7137939453125000e+01, 1.3490103149414063e+02,
    7.7740526758134365e-03, 5, -1, 3.8220605468750000e+02,
    3.7026211547851563e+02, 9.2565528869628906e+01,
    4.5118137359619141e+01, 8.8280420750379562e-03, 6, -1 ]
descriptors: !!opencv-matrix
   rows: 16
   cols: 32
   dt: u
   data: [ 2, 141, 2, 158, 20, 131, 174, 230, 22, 0, 88, 2, 32, 234, 48,
       64, 121, 106, 19, 193, 2, 186, 8, 255, 40, 38, 138, 128, 21, 14,
       48, 136, 2, 141, 2, 158, 20, 131, 174, 230, 22, 0, 88, 2, 32, 234,
       48, 64, 121, 106, 19, 193, 2, 186, 8, 255, 40, 38, 138, 128, 21,
       14, 48, 136, 72, 48, 56, 100, 40, 77, 81, 16, 107, 168, 182, 8,
       159, 23, 64, 50, 132, 212, 125, 8, 136, 96, 241, 0, 195, 249, 37,
       48, 66, 128, 66, 35, 2, 141, 2, 158, 20, 131, 174, 230, 22, 0, 88,
       2, 32, 234, 48, 64, 121, 106, 19, 193, 2, 186, 8, 255, 40, 38,
       138, 128, 21, 14, 48, 136, 2, 141, 2, 158, 20, 131, 174, 230, 22,
       0, 88, 2, 32, 234, 48, 64, 121, 106, 19, 193, 2, 186, 8, 255, 40,
       38, 138, 128, 21, 14, 48, 136, 72, 48, 56, 100, 40, 77, 81, 16,
       107, 168, 182, 8, 159, 23, 64, 50, 132, 212, 125, 8, 136, 96, 241,
       0, 195, 249, 37, 48, 66, 128, 66, 35, 2, 141, 2, 158, 20, 131,
       174, 230, 22, 0, 88, 2, 32, 234, 48, 64, 121, 106, 19, 193, 2,
       186, 8, 255, 40, 38, 138, 128, 21, 14, 48, 136, 2, 141, 2, 158,
       20, 131, 174, 230, 22, 0, 88, 2, 32, 234, 48, 64, 121, 106, 19,
       193, 2, 186, 8, 255, 40, 38, 138, 128, 21, 14, 48, 136, 2, 141, 2,
       158, 20, 131, 174, 230, 22, 0, 88, 2, 32, 234, 48, 64, 121, 106,
       19, 193, 2, 186, 8, 255, 40, 38, 138, 128, 21, 10, 48, 136, 72,
       48, 56, 96, 40, 77, 81, 16, 105, 168, 182, 8, 159, 23, 64, 50,
       132, 213, 253, 8, 136, 96, 241, 0, 195, 249, 33, 48, 64, 128, 67,
       35, 2, 141, 2, 158, 20, 131, 174, 230, 22, 0, 90, 2, 96, 234, 48,
       64, 121, 106, 19, 193, 2, 186, 10, 255, 40, 38, 142, 192, 21, 10,
       176, 136, 2, 141, 2, 158, 20, 131, 174, 230, 22, 1, 88, 2, 96,
       234, 48, 64, 89, 106, 19, 193, 98, 186, 8, 255, 40, 38, 138, 136,
       21, 10, 48, 136, 2, 141, 2, 158, 20, 131, 174, 230, 22, 1, 88, 2,
       32, 234, 48, 64, 89, 106, 19, 193, 66, 184, 8, 255, 40, 38, 138,
       136, 20, 10, 48, 136, 72, 48, 56, 96, 33, 77, 81, 16, 105, 168,
       52, 8, 159, 23, 64, 50, 132, 213, 221, 8, 136, 96, 240, 0, 195,
       249, 33, 48, 66, 128, 67, 35, 2, 141, 2, 158, 20, 131, 174, 230,
       22, 0, 90, 2, 96, 234, 48, 64, 89, 106, 19, 193, 2, 184, 8, 255,
       40, 38, 138, 128, 20, 10, 48, 136, 2, 141, 2, 158, 20, 131, 174,
       230, 22, 0, 88, 2, 32, 234, 48, 64, 89, 106, 19, 193, 2, 184, 10,
       255, 40, 38, 138, 136, 20, 10, 48, 136 ]
