%YAML:1.0
keypoints: [ 109., 127., 7., -1., 143., 0, -1, 264., 127., 7., -1., 143.,
    0, -1, 267., 167., 7., -1., 143., 0, -1, 386., 170., 7., -1., 143.,
    0, -1, 109., 268., 7., -1., 143., 0, -1, 167., 271., 7., -1., 143.,
    0, -1, 170., 374., 7., -1., 143., 0, -1, 386., 374., 7., -1., 143.,
    0, -1 ]
