%YAML:1.0
keypoints: [ 2.5695782470703125e+02, 2.5590043640136719e+02,
    1.7592326354980469e+02, 1.3682214355468750e+02,
    9.4840250909328461e-02, 6751237, -1, 3.4457180786132813e+02,
    3.3141384887695313e+02, 7.1380393981933594e+01,
    5.6642456054687500e+00, 5.7782296091318130e-02, 15008260, -1,
    3.4457180786132813e+02, 3.3141384887695313e+02,
    7.1380393981933594e+01, 8.3112152099609375e+01,
    5.7782296091318130e-02, 15008260, -1, 2.5695782470703125e+02,
    2.5590043640136719e+02, 1.7592326354980469e+02,
    2.9794720458984375e+02, 9.4840250909328461e-02, 6751237, -1,
    1.3010357666015625e+02, 1.4755206298828125e+02,
    3.6027866363525391e+01, 2.6453274536132813e+02,
    5.7627420872449875e-02, 16122371, -1, 1.3010357666015625e+02,
    1.4755206298828125e+02, 3.6027866363525391e+01,
    1.8661627197265625e+02, 5.7627420872449875e-02, 16122371, -1,
    1.9496025085449219e+02, 3.4958554077148438e+02,
    4.1884460449218750e+01, 1.6664323425292969e+02,
    5.7557441294193268e-02, 852995, -1, 1.9496025085449219e+02,
    3.4958554077148438e+02, 4.1884460449218750e+01,
    9.7670928955078125e+01, 5.7557441294193268e-02, 852995, -1,
    1.8194322204589844e+02, 3.6249697875976563e+02,
    2.1093248367309570e+01, 1.7227227783203125e+02,
    5.7416353374719620e-02, 1704962, -1, 1.8194322204589844e+02,
    3.6249697875976563e+02, 2.1093248367309570e+01,
    9.7715026855468750e+01, 5.7416353374719620e-02, 1704962, -1 ]
descriptors: !!opencv-matrix
   rows: 0
   cols: 0
   dt: u
   data: []
