%YAML:1.0
calibration_time: "Wed Oct  2 18:39:51 2019"
image_width: 640
image_height: 480
board_width: 8
board_height: 6
square_size: 1.
flags: 0
camera_matrix: !!opencv-matrix
   rows: 3
   cols: 3
   dt: d
   data: [ 6.8685954175840482e+02, 0., 3.3735950726620183e+02, 0.,
       6.8961594030469871e+02, 2.2011415780511524e+02, 0., 0., 1. ]
distortion_coefficients: !!opencv-matrix
   rows: 5
   cols: 1
   dt: d
   data: [ -1.3309240923910151e-01, 1.5843356930173782e+00,
       3.8612179118162693e-03, 9.4384391669521516e-03,
       -4.6252927303799778e+00 ]
avg_reprojection_error: 2.9944751763269650e+00
