%YAML:1.0
keypoints: [ 109., 127., 7., -1., 143., 0, -1, 264., 127., 7., -1., 143.,
    0, -1, 267., 167., 7., -1., 143., 0, -1, 386., 170., 7., -1., 143.,
    0, -1, 109., 268., 7., -1., 143., 0, -1, 167., 271., 7., -1., 143.,
    0, -1, 170., 374., 7., -1., 143., 0, -1, 386., 374., 7., -1., 143.,
    0, -1 ]
descripter: !!opencv-matrix
   rows: 8
   cols: 16
   dt: u
   data: [ 24, 5, 40, 204, 44, 169, 161, 213, 150, 90, 88, 8, 74, 140,
       22, 157, 56, 4, 110, 60, 15, 50, 76, 8, 17, 227, 18, 208, 182,
       224, 73, 8, 72, 0, 4, 190, 39, 55, 86, 97, 25, 194, 19, 0, 179,
       168, 1, 40, 56, 4, 110, 60, 15, 50, 76, 8, 17, 227, 18, 208, 182,
       224, 73, 8, 182, 57, 251, 65, 200, 200, 33, 146, 226, 44, 100,
       239, 12, 17, 126, 215, 198, 187, 144, 0, 160, 205, 177, 246, 206,
       12, 108, 47, 9, 12, 54, 247, 182, 57, 251, 65, 200, 200, 33, 146,
       226, 44, 100, 239, 12, 17, 126, 215, 228, 248, 71, 10, 18, 100,
       86, 34, 153, 237, 21, 199, 143, 112, 223, 180 ]
