%YAML:1.0
keypoints: [ 109., 127., 7., -1.3495541381835938e+02, 143., 0, -1, 264.,
    127., 7., -4.4776363372802734e+01, 143., 0, -1, 267., 167., 7.,
    -4.5356426239013672e+01, 143., 0, -1, 386., 170., 7.,
    -4.4776363372802734e+01, 143., 0, -1, 109., 268., 7.,
    1.3464302062988281e+02, 143., 0, -1, 167., 271., 7.,
    1.3526815795898438e+02, 143., 0, -1, 170., 374., 7.,
    1.3464302062988281e+02, 143., 0, -1, 386., 374., 7.,
    4.5089523315429688e+01, 143., 0, -1 ]
descriptors: !!opencv-matrix
   rows: 8
   cols: 64
   dt: u
   data: [ 71, 35, 65, 146, 217, 2, 3, 78, 134, 102, 3, 52, 1, 203, 145,
       67, 226, 212, 1, 100, 73, 160, 128, 34, 78, 136, 168, 13, 146, 8,
       49, 73, 80, 36, 84, 186, 64, 112, 1, 84, 128, 64, 24, 14, 64, 20,
       192, 76, 153, 44, 24, 4, 112, 24, 156, 73, 16, 114, 51, 188, 88,
       86, 32, 249, 71, 35, 65, 146, 217, 2, 3, 78, 134, 102, 3, 52, 1,
       203, 145, 67, 226, 212, 1, 100, 73, 160, 128, 34, 78, 136, 168,
       13, 146, 8, 49, 73, 80, 36, 84, 186, 64, 112, 1, 84, 128, 64, 24,
       14, 64, 20, 192, 76, 153, 44, 24, 4, 112, 24, 156, 73, 16, 114,
       51, 188, 88, 86, 32, 249, 63, 183, 253, 254, 63, 189, 253, 127,
       247, 254, 215, 245, 253, 127, 189, 87, 255, 254, 99, 251, 245,
       118, 211, 247, 221, 190, 244, 223, 126, 220, 245, 235, 207, 44,
       87, 190, 223, 120, 249, 125, 120, 93, 59, 175, 213, 53, 247, 111,
       185, 172, 152, 13, 240, 29, 156, 89, 48, 242, 115, 189, 122, 215,
       40, 250, 71, 35, 65, 146, 217, 2, 3, 78, 134, 102, 3, 52, 1, 203,
       145, 67, 226, 212, 1, 100, 73, 160, 128, 34, 78, 136, 168, 13,
       146, 8, 49, 73, 80, 36, 84, 186, 64, 112, 1, 84, 128, 64, 24, 14,
       64, 20, 192, 76, 153, 44, 24, 4, 112, 24, 156, 73, 16, 114, 51,
       188, 88, 86, 32, 249, 71, 35, 65, 146, 217, 2, 3, 78, 134, 102, 3,
       52, 1, 203, 145, 67, 226, 212, 1, 100, 73, 160, 128, 50, 78, 136,
       168, 13, 210, 8, 49, 105, 80, 36, 84, 186, 66, 112, 1, 84, 144,
       64, 24, 14, 64, 20, 192, 76, 153, 44, 24, 4, 112, 28, 156, 73, 16,
       242, 51, 188, 88, 86, 32, 249, 63, 183, 253, 190, 63, 189, 189,
       127, 247, 254, 215, 245, 253, 127, 189, 87, 255, 254, 99, 243,
       245, 118, 211, 247, 221, 190, 244, 255, 122, 220, 245, 235, 207,
       44, 87, 190, 223, 120, 233, 125, 120, 93, 59, 175, 213, 53, 247,
       111, 185, 172, 152, 13, 240, 29, 156, 89, 48, 242, 115, 189, 122,
       215, 40, 250, 71, 35, 65, 146, 217, 2, 3, 78, 134, 102, 3, 52, 1,
       203, 145, 67, 226, 212, 1, 100, 73, 160, 128, 50, 78, 136, 168,
       13, 210, 8, 49, 105, 80, 36, 84, 186, 66, 112, 1, 84, 144, 64, 24,
       14, 64, 20, 192, 76, 153, 44, 24, 4, 112, 28, 156, 73, 16, 242,
       51, 188, 88, 86, 32, 249, 71, 35, 65, 146, 217, 2, 3, 78, 134,
       102, 3, 52, 1, 203, 145, 67, 226, 212, 1, 100, 73, 160, 128, 50,
       78, 136, 168, 13, 210, 8, 49, 105, 80, 36, 84, 186, 66, 112, 1,
       84, 144, 64, 24, 14, 64, 20, 192, 76, 153, 44, 24, 4, 112, 28,
       156, 73, 16, 242, 51, 188, 88, 86, 32, 249 ]
