%YAML:1.0
keypoints: [ 2.4496971130371094e+02, 1.4340417480468750e+02, 90.,
    2.8264770507812500e+02, 3.4332921875000000e+04, 2, 1,
    2.8502694702148438e+02, 1.5144958496093750e+02, 87.,
    2.8306439208984375e+02, 3.4217121093750000e+04, 2, -1,
    1.4364981079101563e+02, 2.9653356933593750e+02, 124.,
    1.6376837158203125e+02, 3.4080179687500000e+04, 3, -1,
    1.3339755249023438e+02, 2.3956210327148438e+02, 131.,
    1.6724711608886719e+02, 3.3959878906250000e+04, 3, 1,
    1.7250955200195313e+02, 3.7149044799804688e+02, 20.,
    1.0070416259765625e+02, 3.3866382812500000e+04, 0, 1,
    3.8349044799804688e+02, 3.7149044799804688e+02, 20.,
    1.0704160690307617e+01, 3.3866382812500000e+04, 0, 1,
    2.6149066162109375e+02, 1.2950933837890625e+02, 20.,
    3.4929827880859375e+02, 3.3860878906250000e+04, 0, 1,
    3.8348934936523438e+02, 1.7250273132324219e+02, 20.,
    3.4929010009765625e+02, 3.3845746093750000e+04, 0, 1,
    1.1151035308837891e+02, 1.2950756835937500e+02, 20.,
    2.5929953002929688e+02, 3.3845046875000000e+04, 0, 1,
    1.1150402832031250e+02, 2.6548895263671875e+02, 20.,
    1.0070204162597656e+02, 3.3835078125000000e+04, 0, 1,
    2.6949282836914063e+02, 1.6447555541992188e+02, 20.,
    3.4930419921875000e+02, 3.3831968750000000e+04, 0, -1,
    1.6448611450195313e+02, 2.7350650024414063e+02, 20.,
    1.0068899536132813e+02, 3.3826273437500000e+04, 0, -1,
    1.7579203796386719e+02, 3.6835580444335938e+02, 35.,
    1.0006076812744141e+02, 3.3665066406250000e+04, 1, 1,
    3.8035198974609375e+02, 1.7579283142089844e+02, 35.,
    3.4993765258789063e+02, 3.3657703125000000e+04, 1, 1,
    2.7265066528320313e+02, 1.6120657348632813e+02, 35.,
    3.4993618774414063e+02, 3.3644777343750000e+04, 1, -1,
    1.6120555114746094e+02, 2.7665100097656250e+02, 35.,
    1.0005464172363281e+02, 3.3639125000000000e+04, 1, -1,
    3.7270693969726563e+02, 1.8692858886718750e+02, 81.,
    3.5140628051757813e+02, 3.3634187500000000e+04, 2, 1,
    1.8692973327636719e+02, 3.6070632934570313e+02, 81.,
    9.8593460083007813e+01, 3.3633695312500000e+04, 2, 1,
    3.7092608642578125e+02, 3.5892608642578125e+02, 82.,
    7.8888816833496094e+01, 3.3614281250000000e+04, 2, 1,
    3.5859210205078125e+02, 1.9883726501464844e+02, 140.,
    3.4854327392578125e+02, 3.3553539062500000e+04, 3, 1,
    1.2329032135009766e+02, 1.4341726684570313e+02, 82.,
    1.8945106506347656e+02, 3.3535019531250000e+04, 2, 1,
    1.5275901794433594e+02, 2.8694091796875000e+02, 79.,
    1.6810972595214844e+02, 3.3534804687500000e+04, 2, -1,
    3.5148257446289063e+02, 3.4218594360351563e+02, 168.,
    8.0057243347167969e+01, 3.3500960937500000e+04, 3, 1,
    2.5150634765625000e+02, 1.3919143676757813e+02, 65.,
    2.8282028198242188e+02, 3.3496632812500000e+04, 2, 1,
    1.8286038208007813e+02, 3.6346942138671875e+02, 63.,
    9.9184494018554688e+01, 3.3164828125000000e+04, 2, 1,
    3.7546899414062500e+02, 1.8286102294921875e+02, 63.,
    3.5081506347656250e+02, 3.3163398437500000e+04, 2, 1,
    1.9654168701171875e+02, 3.5122421264648438e+02, 125.,
    9.9856513977050781e+01, 3.3163312500000000e+04, 3, 1 ]
descriptors: !!opencv-matrix
   rows: 27
   cols: 128
   dt: f
   data: [ 0., 0., -1.15141534e-04, 1.15141534e-04, 0., 0.,
       -3.02912464e-04, 3.02912464e-04, 0., 0., 3.39844227e-02,
       3.39844227e-02, -9.75437276e-03, 9.75437276e-03, 0., 0., 0., 0.,
       5.05689494e-02, 5.05689494e-02, -9.14848875e-03, 9.14848875e-03,
       0., 0., 0., 0., 0., 0., 0., 0., 0., 0., 0., 0., 0., 0., 0., 0.,
       0., 0., 0., 0., 3.01656360e-03, 3.01656360e-03, -3.01656360e-03,
       3.01656360e-03, 0., 0., 0., 0., 5.53204536e-01, 5.53204536e-01,
       -1.21815503e-01, 1.21815503e-01, 0., 0., 0., 0., 0., 0., 0., 0.,
       0., 0., 0., 0., 0., 0., 0., 0., 0., 0., 1.45406678e-01,
       1.45406678e-01, 1.49157047e-01, 1.49157047e-01, 1.62890330e-01,
       2.33463183e-01, 0., 0., 1.00760981e-01, 1.00760981e-01,
       1.41054645e-01, 1.41054645e-01, 2.10253626e-01, 2.55511999e-01,
       0., 0., 0., 0., 0., 0., 0., 0., 0., 0., 0., 0., 0., 0., 0., 0.,
       0., 0., 0., 0., 7.88833573e-02, 7.88833573e-02, -1.64264347e-02,
       1.64264347e-02, 0., 0., 0., 0., 3.82524426e-03, 3.82524426e-03,
       -1.90648658e-03, 1.90648658e-03, 0., 0., 0., 0., 0., 0., 0., 0.,
       0., 0., 0., 0., 0., 0., 0., 0., 0., 0., 0., 0., 2.47695297e-03,
       2.47695297e-03, -1.34996825e-03, 1.34996825e-03, 0., 0., 0., 0.,
       7.93059915e-02, 7.93059915e-02, -1.75790861e-02, 1.75790861e-02,
       0., 0., 0., 0., 0., 0., 0., 0., 0., 0., 0., 0., 0., 0., 0., 0.,
       0., 0., 9.96671841e-02, 9.96671841e-02, 1.39223069e-01,
       1.39223069e-01, 2.08934635e-01, 2.48720497e-01, 0., 0.,
       1.48920342e-01, 1.48920342e-01, 1.43643692e-01, 1.43643692e-01,
       1.78374231e-01, 2.45348081e-01, 0., 0., 0., 0., 0., 0., 0., 0.,
       0., 0., 0., 0., 0., 0., 0., 0., 0., 0., 0., 0., 5.51020205e-01,
       5.51020205e-01, -1.24872424e-01, 1.24872424e-01, 0., 0., 0., 0.,
       5.06892521e-03, 5.06892521e-03, -4.81826067e-03, 4.81826067e-03,
       0., 0., 0., 0., 0., 0., 0., 0., 0., 0., 7.46738297e-05,
       7.46738297e-05, 0., 0., 1.00088677e-04, 1.00088677e-04, 0., 0.,
       2.72627850e-03, 2.72627850e-03, 4.47622873e-02, 4.47622873e-02,
       -2.64268689e-04, 1.72980316e-02, 0., 0., 4.90545342e-03,
       4.90545342e-03, 3.11740711e-02, 3.11740711e-02, -7.30778649e-03,
       1.03175286e-02, 0., 0., 0., 0., 0., 0., 0., 0., 0., 0., 0., 0.,
       3.09842965e-03, 3.09842965e-03, -1.09875202e-02, 1.09875202e-02,
       0., 0., 0., 0., 3.58216316e-02, 3.58216316e-02, -1.14111900e-01,
       1.14111900e-01, 0., 0., 0., 0., 3.94112105e-03, 3.94112105e-03,
       -3.94112105e-03, 3.94112105e-03, 0., 0., 0., 0., 0., 0., 0., 0.,
       0., 0., 0., 0., 0., 0., 0., 0., 0., 0., 5.18353581e-01,
       5.18353581e-01, 5.72168790e-02, 5.72168790e-02, 1.34405911e-01,
       1.60045832e-01, 0., 0., 1.46703944e-02, 1.46703944e-02, 0., 0.,
       7.76917534e-03, 7.76917534e-03, 0., 0., 0., 0., 0., 0., 0., 0.,
       0., 0., -2.12653817e-04, 2.12653817e-04, 0., 0., 0., 0.,
       2.55247694e-04, 2.55247694e-04, 1.42566144e-01, 1.42566144e-01,
       1.06317572e-01, 1.06317572e-01, -2.30149299e-01, 2.58531600e-01,
       0., 0., 1.58026099e-01, 1.58026099e-01, 1.63082778e-01,
       1.63082778e-01, -1.53218940e-01, 2.47759447e-01, 0., 0., 0., 0.,
       0., 0., 0., 0., 0., 0., -1.40408811e-03, 1.40408811e-03,
       -3.70726426e-04, 3.70726426e-04, 0., 0., 2.66855420e-03,
       2.85778241e-03, 1.47311874e-02, 1.68608539e-02, 0., 0.,
       6.64467923e-03, 6.64467923e-03, 3.82548012e-03, 3.82548012e-03,
       7.25128204e-02, 7.25128204e-02, 0., 0., 1.86023731e-02,
       1.86023731e-02, 0., 0., 0., 0., 0., 0., 0., 0., 0., 0., 0., 0.,
       3.84117651e-04, 3.84117651e-04, -1.48842647e-03, 1.48842647e-03,
       0., 0., 6.20070957e-02, 6.20070957e-02, 1.51332552e-02,
       1.51332552e-02, -5.39679872e-03, 3.20221111e-02, 0., 0.,
       1.39614672e-03, 1.39614672e-03, 3.34754703e-04, 3.34754703e-04,
       5.80110005e-04, 1.24961929e-03, 0., 0., 0., 0., 0., 0., 0., 0.,
       0., 0., 0., 0., 0., 0., 0., 0., 0., 0., 1.48193017e-01,
       1.48193017e-01, 1.47808179e-01, 1.47808179e-01, -1.51600778e-01,
       2.21537754e-01, 0., 0., 1.43619657e-01, 1.43619657e-01,
       9.92258862e-02, 9.92258862e-02, -2.09373862e-01, 2.54774570e-01,
       0., 0., 0., 0., 0., 0., 0., 0., 0., 0., -9.09113977e-03,
       9.09113977e-03, -3.32565280e-03, 3.32565280e-03, 0., 0.,
       1.11771477e-02, 1.26154572e-02, 3.46843293e-03, 3.56876501e-03,
       0., 0., 3.51859909e-03, 3.51859909e-03, 5.01661270e-05,
       5.01661270e-05, 5.53031981e-01, 5.53031981e-01, 0., 0.,
       1.22737736e-01, 1.22737736e-01, 0., 0., 0., 0., 0., 0., 0., 0.,
       0., 0., -2.67819711e-03, 2.67819711e-03, 0., 0., 0., 0.,
