%YAML:1.0
keypoints: [ 1.1240979003906250e+02, 2.6271917724609375e+02, 72.,
    3.3078833007812500e+02, 2.6368988037109375e+02, 5, -1,
    2.6001544189453125e+02, 1.3048321533203125e+02,
    5.5411064147949219e+01, 1.1757670593261719e+02,
    2.5724154663085938e+02, 4, -1, 1.6336531066894531e+02,
    2.7455987548828125e+02, 5.6823493957519531e+01,
    3.2461560058593750e+02, 2.5510609436035156e+02, 4, -1,
    2.7070684814453125e+02, 1.6357377624511719e+02,
    5.5127300262451172e+01, 1.1779817199707031e+02,
    2.5369224548339844e+02, 4, -1, 3.7867636108398438e+02,
    1.7086445617675781e+02, 72., 1.3193395996093750e+02,
    2.5115597534179688e+02, 5, -1, 1.1441596984863281e+02,
    1.3239884948730469e+02, 72., 4.4762325286865234e+01,
    2.5100067138671875e+02, 5, -1, 1.7080770874023438e+02,
    3.6667129516601563e+02, 72., 3.1673574829101563e+02,
    2.5050090026855469e+02, 5, -1, 1.1134595489501953e+02,
    2.6448605346679688e+02, 5.1203247070312500e+01,
    3.2198217773437500e+02, 2.3833067321777344e+02, 4, -1,
    3.8270730590820313e+02, 1.6985011291503906e+02,
    3.5248352050781250e+01, 1.3161894226074219e+02,
    2.3100349426269531e+02, 3, -1, 1.6992041015625000e+02,
    3.7087786865234375e+02, 3.5248352050781250e+01,
    3.1840588378906250e+02, 2.3100349426269531e+02, 3, -1,
    2.6048583984375000e+02, 1.2710403442382813e+02,
    3.9200000762939453e+01, 1.2493637084960938e+02,
    2.3006666564941406e+02, 3, -1, 1.6432489013671875e+02,
    2.7092431640625000e+02, 3.8930217742919922e+01,
    3.1332867431640625e+02, 2.2804887390136719e+02, 3, -1,
    1.0900304412841797e+02, 1.2700304412841797e+02,
    3.2224956512451172e+01, 4.4862300872802734e+01,
    2.2781896972656250e+02, 2, -1, 1.1048524475097656e+02,
    1.2844586181640625e+02, 3.4799999237060547e+01,
    4.4849910736083984e+01, 2.1612500000000000e+02, 3, -1,
    3.7930154418945313e+02, 3.6733282470703125e+02, 72.,
    2.2479154968261719e+02, 2.1441958618164063e+02, 5, -1,
    3.8552618408203125e+02, 3.7352618408203125e+02,
    2.5595745086669922e+01, 2.2478399658203125e+02,
    2.0655407714843750e+02, 2, -1, 2.6328088378906250e+02,
    1.2727958679199219e+02, 24., 1.3451657104492188e+02,
    2.0354335021972656e+02, 1, -1, 3.8451626586914063e+02,
    1.6993498229980469e+02, 2.8384876251220703e+01,
    1.3320878601074219e+02, 2.0297898864746094e+02, 2, -1,
    1.7123255920410156e+02, 3.7399029541015625e+02,
    2.8565547943115234e+01, 3.1380581665039063e+02,
    2.0288409423828125e+02, 2, -1, 1.0935018920898438e+02,
    2.6766009521484375e+02, 21., 3.1530792236328125e+02,
    1.7337500000000000e+02, 1, -1 ]
descriptos: !!opencv-matrix
   rows: 20
   cols: 64
   dt: u
   data: [ 254, 255, 239, 241, 112, 0, 0, 0, 193, 199, 31, 255, 176, 67,
       14, 56, 168, 224, 132, 49, 140, 227, 16, 6, 0, 0, 32, 227, 25, 39,
       60, 225, 0, 1, 0, 64, 0, 0, 128, 112, 198, 25, 147, 49, 0, 0, 0,
       0, 0, 96, 50, 63, 159, 199, 193, 195, 225, 112, 248, 125, 27, 13,
       0, 0, 248, 255, 255, 247, 243, 224, 0, 0, 0, 134, 31, 255, 255,
       255, 254, 243, 143, 127, 252, 253, 143, 255, 61, 142, 131, 3, 0,
       0, 0, 108, 252, 227, 15, 29, 240, 128, 7, 220, 254, 128, 135, 16,
       18, 49, 51, 6, 0, 0, 218, 239, 50, 17, 0, 12, 0, 8, 0, 130, 64,
       32, 0, 0, 0, 0, 128, 255, 207, 227, 0, 0, 0, 0, 0, 0, 0, 224, 112,
       231, 159, 127, 190, 249, 192, 1, 0, 0, 0, 0, 0, 0, 0, 0, 0, 0, 0,
       128, 25, 103, 158, 57, 206, 18, 195, 24, 0, 0, 0, 0, 0, 0, 0, 0,
       0, 0, 0, 115, 187, 12, 34, 34, 217, 127, 118, 54, 0, 0, 0, 0, 128,
       251, 255, 231, 225, 0, 0, 0, 0, 0, 0, 0, 0, 199, 61, 255, 255,
       255, 205, 35, 12, 0, 0, 0, 0, 0, 0, 0, 0, 0, 112, 231, 57, 239,
       252, 243, 159, 61, 195, 24, 198, 0, 0, 0, 0, 0, 0, 0, 0, 128, 247,
       247, 255, 85, 72, 0, 144, 107, 96, 0, 0, 0, 0, 0, 252, 255, 231,
       241, 125, 64, 0, 0, 0, 199, 31, 255, 240, 67, 14, 56, 168, 224,
       132, 49, 204, 227, 63, 14, 0, 0, 0, 128, 25, 111, 60, 161, 0, 0,
       12, 0, 0, 0, 140, 32, 134, 24, 147, 57, 0, 0, 0, 0, 218, 125, 62,
       15, 151, 207, 195, 195, 225, 112, 120, 57, 126, 141, 25, 0, 252,
       191, 231, 249, 244, 192, 0, 0, 0, 199, 159, 255, 244, 211, 79, 50,
       217, 100, 148, 177, 236, 231, 56, 14, 0, 0, 0, 128, 25, 111, 60,
       225, 4, 19, 4, 0, 0, 2, 132, 0, 134, 27, 147, 49, 0, 0, 0, 0, 218,
       125, 62, 15, 135, 195, 199, 195, 225, 243, 120, 56, 126, 13, 0, 0,
       248, 191, 231, 249, 244, 192, 0, 0, 0, 199, 31, 255, 176, 67, 14,
       48, 136, 96, 135, 49, 220, 227, 58, 14, 0, 0, 0, 128, 57, 111, 60,
       161, 0, 0, 0, 0, 0, 3, 128, 0, 134, 27, 151, 49, 0, 0, 0, 154,
       219, 125, 30, 15, 135, 195, 199, 195, 225, 112, 120, 56, 18, 140,
       25, 0, 252, 255, 231, 241, 125, 64, 0, 0, 0, 199, 255, 255, 191,
       127, 255, 245, 159, 127, 252, 255, 143, 227, 56, 14, 0, 0, 0, 128,
       57, 111, 60, 161, 0, 0, 12, 32, 0, 0, 128, 80, 198, 27, 147, 49,
       0, 0, 0, 154, 201, 96, 62, 31, 159, 195, 193, 195, 225, 112, 120,
       252, 63, 13, 0, 0, 252, 191, 231, 241, 112, 64, 0, 0, 0, 199, 31,
       255, 255, 67, 14, 241, 239, 255, 197, 241, 207, 227, 56, 14, 0, 0,
       0, 128, 25, 111, 60, 161, 0, 0, 0, 96, 4, 16, 200, 48, 199, 156,
       147, 57, 0, 0, 0, 154, 219, 101, 48, 16, 0, 0, 0, 8, 2, 0, 0, 4,
       19, 141, 25, 0, 252, 255, 239, 243, 241, 192, 0, 0, 0, 199, 31,
       255, 241, 255, 31, 246, 223, 127, 133, 49, 140, 227, 56, 14, 0, 0,
       0, 128, 57, 255, 124, 163, 9, 4, 28, 0, 0, 0, 140, 48, 198, 154,
       147, 49, 0, 0, 0, 154, 219, 231, 16, 0, 0, 0, 0, 0, 6, 1, 0, 0,
       82, 13, 0, 0, 252, 191, 231, 241, 240, 192, 0, 0, 0, 198, 31, 255,
       240, 195, 14, 50, 136, 96, 132, 49, 140, 227, 56, 14, 129, 1, 0,
       128, 25, 111, 60, 227, 8, 3, 0, 0, 0, 0, 128, 64, 134, 25, 147,
       49, 49, 6, 0, 0, 218, 255, 30, 15, 135, 195, 193, 195, 225, 243,
       120, 56, 0, 136, 25, 0, 128, 255, 255, 227, 0, 0, 0, 0, 0, 0, 0,
       224, 112, 199, 191, 255, 190, 251, 192, 1, 0, 0, 0, 0, 0, 0, 0, 0,
       0, 0, 0, 128, 24, 103, 188, 241, 142, 25, 195, 24, 0, 0, 0, 0, 0,
       0, 0, 0, 0, 0, 0, 64, 187, 205, 199, 199, 209, 104, 100, 0, 0, 0,
       0, 0, 252, 191, 231, 241, 240, 192, 0, 0, 0, 199, 31, 255, 240,
       195, 14, 50, 200, 96, 132, 59, 172, 227, 56, 14, 0, 0, 0, 128, 25,
       255, 255, 255, 255, 253, 243, 159, 255, 252, 255, 191, 255, 252,
       147, 49, 0, 0, 0, 154, 219, 101, 16, 48, 8, 0, 0, 12, 0, 2, 0, 1,
       18, 141, 25, 0, 252, 255, 231, 251, 245, 192, 0, 0, 0, 199, 159,
       255, 255, 255, 254, 243, 143, 127, 252, 241, 143, 255, 56, 14, 0,
       0, 0, 128, 25, 111, 60, 227, 12, 19, 68, 0, 1, 7, 144, 64, 134,
       25, 159, 49, 0, 0, 0, 154, 219, 101, 16, 0, 0, 0, 0, 0, 0, 0, 0,
       0, 18, 141, 25, 0, 252, 191, 231, 249, 244, 0, 0, 0, 0, 199, 159,
       255, 244, 211, 78, 50, 137, 100, 148, 191, 188, 231, 56, 14, 0, 0,
       0, 128, 57, 239, 60, 163, 12, 19, 68, 0, 1, 6, 144, 0, 134, 27,
       147, 57, 0, 0, 0, 0, 218, 255, 30, 15, 151, 199, 193, 195, 229,
       112, 249, 60, 127, 13, 0, 0, 252, 191, 231, 249, 244, 192, 0, 0,
       129, 199, 31, 255, 244, 211, 78, 50, 137, 100, 148, 177, 140, 227,
       56, 14, 0, 0, 0, 128, 25, 239, 60, 163, 12, 16, 64, 0, 1, 4, 144,
       16, 198, 152, 147, 49, 0, 0, 0, 154, 219, 255, 30, 15, 159, 195,
       197, 195, 225, 115, 120, 61, 31, 141, 25, 0, 252, 191, 231, 249,
       112, 64, 0, 0, 0, 199, 31, 255, 255, 255, 254, 243, 239, 127, 252,
       241, 239, 227, 56, 14, 129, 1, 0, 128, 25, 239, 60, 163, 12, 16,
       64, 64, 5, 20, 216, 48, 199, 152, 147, 49, 0, 0, 0, 154, 219, 231,
       16, 0, 28, 64, 69, 133, 32, 0, 64, 253, 27, 141, 25, 0, 252, 191,
       231, 255, 112, 64, 0, 0, 0, 199, 159, 255, 244, 83, 78, 59, 141,
       244, 214, 177, 142, 227, 56, 14, 0, 0, 0, 128, 25, 111, 60, 161,
